#include <stdlib.h>
#include <stdio.h>
#include <math.h>

/* Mathematical constants */
#define PiOverTwo         1.570796326794896619231322
#define Pi                3.1415926535897932384626433832795
#define TwoPi             6.283185307179586476925286766559
#define FourPi            12.5663706143591729538506
#define OneOverSqrtFourPi 0.079577471545947667884441881686257
#define SqrtTwo           1.4142135623730950488016887242097
#define OneOverTwoPi      0.15915494309189533576888376337251
#define Cos72Deg          0.309016994374947424102293
#define Cos36Deg          0.809016994374947424102293
#define TwoCos72Deg       0.618033988749894848204587

/* Parameters to prevent underflow in the recursion of the spherical
 * harmonics:
 */
#define LAMBDA_MIN (1.0e-25)
#define INV_LAMBDA_MIN (1.0e+25)

/* Parameter to prevent division by zero at the poles */
#define MIN_SIN_THETA (1.0e-5)

/* The beta value, i.e. the ratio of the prefactors for SHT
 * over that for FFT.
 */
#define BETA_FFT_SHT 6.0

#define INTERP_XMIN (1.0e-12) /* This is used in interp_coefs_1 */

/* Maximum number of Woodbury transfer matrices */
#define TNUM_MAX 255

/* Smoothing length for icosahedral kernel */
#define ICOSA_DL 6

/*
 * Structure definitions
 */

/* DOUBLE_MAP
 * *** MAP THAT CAN BE INTERPRETED AS A MATRIX OR A VECTOR
 *
 * the matrix has range matrix[xmin..xmax][ymin..ymax]
 * the vector has range vector[nmin..nmax]
 *
 * The vector and matrix indices are related by:
 * vector[nmin+(ymax-ymin+1)*i+j] == matrix[xmin+i][ymin+j]
 *
 * The vector/matrix must be allocated using the routine:
 * allocate_double_map(&A,xmin,xmax,ymin,ymax,nmin);
 *
 * and de-allocated using
 * deallocate_double_map(&A);
 *
 * Note that the range of (x,y) and the starting n must
 * be passed to allocate_double_map, but this is not
 * necessary for deallocate_double_map since these quantities
 * are already in the structure.
 */

typedef struct {
   long xmin;
   long xmax;
   long ymin;
   long ymax;
   long nmin;
   long nmax;
   double **matrix;
   double *vector;
} DOUBLE_MAP;

/* SPHERE_MODES
 * *** A VECTOR OF SPHERICAL HARMONIC COEFFICIENTS ORGANIZED BY L-VALUE ***
 *
 * the coefs have range coefs[L=0..lmax][-L..L]
 * (yes, this is a non-rectangular matrix)
 *
 * the vector has range [0..lmax^2]
 *
 * The vector and coefs indices are related by:
 * coefs[L][M] == vector[L(L+1) + M]
 *
 * The values are to be filled as follows:
 * a_LM == coefs[L][M] + i * coefs[L][-M] (M>0)
 * a_L0 == coefs[L][0]
 * a_L(-M) == (-1)^M ( coefs[L][M] - i * coefs[L][-M] ) (M>0)
 *
 * While the code will not usually crash if you use an alternate convention,
 * this will cause confusion!!!
 */

typedef struct {
   long lmax;
   long Nmode;
   double **coefs;
   double *vector;
} SPHERE_MODES;

/* SPHERE_PIXEL
 * *** A FILE CONTAINING PIXELIZATION OF THE SKY ***
 *
 * area_flag = do we store pixel areas? (1=yes, 0=no)
 * N = number of pixels
 * theta = theta-coordinate (angle from N pole)
 * phi = phi-coordinate (azimuthal angle)
 * psi = orientation (0 = X to East, Y to North; pi/2 = X to North, Y to West)
 * area = pixel area (steradians)
 */

typedef struct {
   unsigned short int area_flag;
   long N;
   double *theta;
   double *phi;
   double *psi;
   double *area;
} SPHERE_PIXEL;

/* WOODBURY_TRANSFER
 * *** CONTAINS INFO FOR WOODBURY PRECONDITIONER ***
 *
 * WhiteNoiseLevel: white noise per mode (l>lsplit0)
 * sqrt_Cl_prior: sqrt(C_l - C_{lsplit0}) for prior
 * TransferMatrix: the transfer matrix itself!
 * lsplit0: cutoff L
 * Nmodes: number of modes
 */

typedef struct {
   double WhiteNoiseLevel;
   double *sqrt_Cl_prior;
   double **TransferMatrix;
   long lsplit0;
   long Nmodes;
   long nsparse;
   double *element;
} WOODBURY_TRANSFER;

/* ICOSAHEDRAL
 * *** A STRUCTURE FOR TEMPERATURE DATA IN ICOSAHEDRAL PIXELIZATION ***
 *
 * Nside: number of pixels on a side in the icosahedron
 * Npix: total number of pixels
 * data: array of pointers to the data.  The structure is as follows --
 *   data[f][x][y] contains the f-th face (1 through 20), and the (x,y)
 *   pixel where 0<=x, 0<=y, x+y<=Nside.  (The face is a triangle!)
 * vector: the data arranged in a vector format, of length Npix.
 */

typedef struct {
   long Nside;
   long Npix;
   double ***data;
   double *vector;
} ICOSAHEDRAL;

/* IFFT_DATA
 * *** A STRUCTURE FOR STORING DATA FOR INVERSE-CONVOLUTION ***
 *
 * area_eff: effective area vector
 */

typedef struct {
   double *area_eff;
   double **kernel_real, **kernel_imag;
} IFFT_DATA;

/*
 * Contains codes for the following memory-related operations:
 *
 * *** NR ROUTINES (public domain) ***
 * nrerror: Handles memory allocation errors gracefully.
 * dmatrix: Allocates double precision matrices.
 * free_dmatrix: De-allocates double precision matrices.
 * imatrix: Allocates integer matrices.
 * free_imatrix: De-allocates integer matrices.
 * dvector: Allocates double precision vectors.
 * free_dvector: De-allocates double precision vectors.
 * lvector: Allocates long integer vectors.
 * free_lvector: De-allocates long integer vectors.
 * ivector: Allocates integer vectors.
 * free_ivector: De-allocates integer vectors.
 *
 * allocate_double_map: Allocates a double precision map.
 * deallocate_double_map: De-allocates a double precision map.
 * allocate_sphere_modes: Allocates a table of spherical harmonic modes.
 * deallocate_sphere_modes: De-allocates a table of spherical harmonic modes.
 * allocate_sphere_pixel: Allocates a spherical pixelization.
 * deallocate_sphere_pixel: De-allocates a spherical pixelization.
 * allocate_icosahedral: Allocates an icosahedral map.
 * deallocate_icosahedral: De-allocates an icosahedral map.
 */

/* nrerror
 * *** NUMERICAL RECIPES ERROR HANDLER ***
 *
 * This code is in the public domain.
 */

void nrerror(char error_text[])
/* Numerical Recipes standard error handler */
{
     printf("Numerical Recipes run-time error...\n");
     printf("%s\n",error_text);
     printf("...now exiting to system...\n");
     exit(1);
}

/* dmatrix
 * *** ALLOCATES DOUBLE PRECISION MATRICES ***
 *
 * the matrix has range m[nrl..nrh][ncl..nch]
 *
 * This code is in the public domain.
 */

double **dmatrix(long nrl, long nrh, long ncl, long nch)
/* allocate a double matrix with subscript range               */
/* m[nrl..nrh][ncl..nch]                                       */
/* NR_END has been replaced with its value, 1.                 */
{
   long i,j, nrow=nrh-nrl+1,ncol=nch-ncl+1;
   double **m;

   /* allocate pointers to rows */
   m=(double **) malloc((size_t)((nrow+1)*sizeof(double*)));
   if (!m) nrerror("allocation failure 1 in matrix()");
   m += 1;
   m -= nrl;

   /* allocate rows and set pointers to them */
   m[nrl]=(double *)malloc((size_t)((nrow*ncol+1)*sizeof(double)));
   if (!m[nrl]) nrerror("allocation failure 2 in matrix()");
   m[nrl] += 1;
   m[nrl] -= ncl;

   for(i=nrl+1;i<=nrh;i++) m[i]=m[i-1]+ncol;

   /* Sets the newly created matrix to zero */
   for(i=nrl;i<=nrh;i++) for(j=ncl;j<=nch;j++) m[i][j] = 0.;

   /* return pointer to array of pointers to rows */
   return m;
}

/* free_dmatrix
 * *** DE-ALLOCATES DOUBLE PRECISION MATRICES ***
 *
 * the matrix has range m[nrl..nrh][ncl..nch]
 *
 * This code is in the public domain.
 */

void free_dmatrix(double **m, long nrl, long nrh, long ncl, long nch)
/* free an double matrix allocated by dmatrix() */
/* replaced NR_END => 1, FREE_ARG => (char *)   */
{
   free((char *) (m[nrl]+ncl-1));
   free((char *) (m+nrl-1));
}

/* imatrix
 * *** ALLOCATES INTEGER MATRICES ***
 *
 * the matrix has range m[nrl..nrh][ncl..nch]
 *
 * This code is in the public domain.
 */

int **imatrix(long nrl, long nrh, long ncl, long nch)
/* allocate an integer matrix with subscript range             */
/* m[nrl..nrh][ncl..nch]                                       */
/* NR_END has been replaced with its value, 1.                 */
{
   long i,j, nrow=nrh-nrl+1,ncol=nch-ncl+1;
   int **m;

   /* allocate pointers to rows */
   m=(int **) malloc((size_t)((nrow+1)*sizeof(int*)));
   if (!m) nrerror("allocation failure 1 in matrix()");
   m += 1;
   m -= nrl;

   /* allocate rows and set pointers to them */
   m[nrl]=(int *)malloc((size_t)((nrow*ncol+1)*sizeof(int)));
   if (!m[nrl]) nrerror("allocation failure 2 in matrix()");
   m[nrl] += 1;
   m[nrl] -= ncl;

   for(i=nrl+1;i<=nrh;i++) m[i]=m[i-1]+ncol;

   /* Sets the newly created matrix to zero */
   for(i=nrl;i<=nrh;i++) for(j=ncl;j<=nch;j++) m[i][j] = 0;

   /* return pointer to array of pointers to rows */
   return m;
}

/* free_imatrix
 * *** DE-ALLOCATES INTEGER MATRICES ***
 *
 * the matrix has range m[nrl..nrh][ncl..nch]
 *
 * This code is in the public domain.
 */

void free_imatrix(int **m, long nrl, long nrh, long ncl, long nch)
/* free an integer matrix allocated by imatrix() */
/* replaced NR_END => 1, FREE_ARG => (char *)   */
{
   free((char *) (m[nrl]+ncl-1));
   free((char *) (m+nrl-1));
}
/* End free_imatrix */

/* dvector
 * *** ALLOCATES DOUBLE PRECISION VECTORS ***
 *
 * the vector has range m[nl..nh]
 *
 * This code is in the public domain.
 */

double *dvector(long nl, long nh)
/* allocate a double vector with subscript range v[nl..nh] */
/* replaced macros, as with dmatrix etc.                   */
{
   double *v;
   long i;

   v=(double *)malloc((size_t) ((nh-nl+2)*sizeof(double)));
   if (!v) nrerror("allocation failure in dvector()");

   /* Sets the newly created vector to zero */
   for(i=0;i<nh-nl+2;i++) v[i] = 0.;

   return(v-nl+1);
}
/* End dvector */

/* free_dvector
 * *** DE-ALLOCATES DOUBLE PRECISION VECTORS ***
 *
 * the vector has range m[nl..nh]
 *
 * This code is in the public domain.
 */

void free_dvector(double *v, long nl, long nh)
/* free a double vector allocated with dvector() */
{
   free((char*) (v+nl-1));
}
/* End free_dvector */

/* lvector
 * *** ALLOCATES LONG INTEGER VECTORS ***
 *
 * the vector has range m[nl..nh]
 *
 * This code is in the public domain.
 */

long *lvector(long nl, long nh)
/* allocate a long vector with subscript range v[nl..nh] */
{
   long *v;
   long i;

   v=(long *)malloc((size_t) ((nh-nl+2)*sizeof(long)));
   if (!v) nrerror("allocation failure in lvector()");

   /* Sets the newly created vector to zero */
   for(i=0;i<=nh-nl;i++) v[i] = 0;

   return(v-nl+1);
}
/* End lvector */

/* free_lvector
 * *** DE-ALLOCATES LONG INTEGER VECTORS ***
 *
 * the vector has range m[nl..nh]
 *
 * This code is in the public domain.
 */

void free_lvector(long *v, long nl, long nh)
/* free a long vector allocated with lvector() */
{
   free((char*) (v+nl-1));
}
/* End free_lvector */

/* ivector
 * *** ALLOCATES LONG INTEGER VECTORS ***
 *
 * the vector has range m[nl..nh]
 *
 * This code is in the public domain.
 */

int *ivector(long nl, long nh)
/* allocate an integer vector with subscript range v[nl..nh] */
{
   int *v;

   v=(int *)malloc((size_t) ((nh-nl+2)*sizeof(int)));
   if (!v) nrerror("allocation failure in ivector()");
   return(v-nl+1);
}
/* End ivector */

/* free_ivector
 * *** DE-ALLOCATES INTEGER VECTORS ***
 *
 * the vector has range m[nl..nh]
 *
 * This code is in the public domain.
 */

void free_ivector(int *v, long nl, long nh)
/* free an integer vector allocated with ivector() */
{
   free((char*) (v+nl-1));
}
/* End free_ivector */

/* NUMERICAL RECIPES NON-PUBLIC DOMAIN FUNCTION */

/* gaussjinv
 * *** INVERTS A MATRIX ***
 *
 * Takes matrix A[0..n-1][0..n-1] and inverts it.  The original matrix A is destroyed.
 *
 * Arguments:
 * > A: matrix to be inverted
 *   n: dimension of matrix
 */

void gaussjinv(double **A, int n) {
   /* This routine inverts a matrix A and stores the result back to
    * A.  The matrices are taken to be n by n.  This routine is a
    * slight modification to Numerical Recipes gaussj, see Section
    * 2.1 p.39 in NR C 2ed.  Note we've replaced float with double.
    */

   int *indxc, *indxr, *ipiv;
   int i,icol,irow,j,k,l,ll;
   double big,dum,pivinv,temp;

   icol = irow = 0; /* These variables have values assigned before they */
                    /* are used, but this avoids the compiler warning.  */

   /* The integer arrays ipiv, indxr, and indxc are used for    */
   /* bookkeeping on the pivoting.                              */
   indxc = ivector(0,n-1);
   indxr = ivector(0,n-1);
   ipiv = ivector(0,n-1);

   for(j=0;j<n;j++) ipiv[j]=0;
   for(i=0;i<n;i++) { /* This is the main loop over the columns */
      big=0.0;                              /* to be reduced. */
      for(j=0;j<n;j++)       /* This is the outer loop of the */
         if (ipiv[j] != 1)   /* search for a pivot element. */
            for (k=0;k<n;k++) {
               if (ipiv[k] == 0) {
                  if (fabs(A[j][k]) >= big) {
                     big=fabs(A[j][k]);
                     irow=j;
                     icol=k;
                  }
               } else if (ipiv[k] > 1)
                  nrerror("gaussj: Singular Matrix-1");
               } /* end for(k) loop */
      /* also end for(j) loop */
      ++(ipiv[icol]);

      /* We now have the pivot element, so we interchange
       * rows, if needed, to put the pivot element on the
       * diagonal.  The columns are not physically
       * interchanged, only relabeled: indxc[i], the column
       * of the ith pivot element, is the ith column that is
       * reduced, while indxr[i] is the row in which that
       * pivot element was originally located.  If indxr[i]
       * != indxc[i] there is an implied column interchange.
       * With this form of bookkeeping, the solution Bs (of
       * which we don't have any!) will end up in the correct
       * order, and the inverse matrix (i.e. that remains in
       * A) will be scrambled by columns.
       */

      if (irow != icol) {
         for (l=0;l<n;l++) {
            /* Swap A[irow][l] and A[icol][l] */
            temp = A[irow][l];
            A[irow][l] = A[icol][l];
            A[icol][l] = temp;
         }
      } /* end if */
      indxr[i]=irow; /* We are now ready to divide the pivot  */
      indxc[i]=icol; /* row by the pivot element, located at  */
                                            /* irow and icol. */
      if (A[icol][icol] == 0.0)
         nrerror("gaussj: Singular Matrix-2");
      pivinv=1.0/A[icol][icol];
      A[icol][icol]=1.0;
      for (l=0;l<n;l++) A[icol][l] *= pivinv;
      for (ll=0;ll<n;ll++) /* Now we reduce the rows, except  */
         if (ll != icol) { /* for the pivot one, of course. */
            dum=A[ll][icol];
            A[ll][icol]=0.0;
            for(l=0;l<n;l++) A[ll][l] -= A[icol][l]*dum;
         }
   }

   /* This is the end of the main loop over columns of the
    * reduction. It only remains to unscramble the solution in
    * view of the column interchanges.  We do this by
    * interchanging pairs of columns in the reverse order that
    * the permutation was built up.
    */
   for (l=n-1;l>=0;l--) {
      if (indxr[l] != indxc[l])
         for (k=0;k<n;k++) {
            temp = A[k][indxr[l]];
            A[k][indxr[l]] = A[k][indxc[l]];
            A[k][indxc[l]] = temp;
         }
   } /* And we are done. */

   /* Clean up memory */
   free_ivector(ipiv,0,n-1);
   free_ivector(indxr,0,n-1);
   free_ivector(indxc,0,n-1);
}

/* OUR FUNCTIONS */

/* allocate_double_map
 * *** ALLOCATES A DOUBLE PRECISION MAP ***
 *
 * the matrix has range matrix[xmin..xmax][ymin..ymax]
 * the vector has range vector[nmin..nmax]
 *
 * The vector and matrix indices are related by:
 * vector[nmin+(ymax-ymin+1)*i+j] == matrix[xmin+i][ymin+j]
 */

void allocate_double_map(DOUBLE_MAP *A, long xmin, long xmax, long ymin,
   long ymax, long nmin) {

   long i;
   long nx, ny;

   /* compute number of rows and columns */
   nx = xmax-xmin+1;
   ny = ymax-ymin+1;

   /* set the index limits */
   A->xmin = xmin;
   A->xmax = xmax;
   A->ymin = ymin;
   A->ymax = ymax;
   A->nmin = nmin;
   A->nmax = nmin + nx*ny - 1;

   /* allocate the memory for the vector */
   A->vector = dvector(nmin,A->nmax);

   /* now allocate the matrix */
   A->matrix = (double**)malloc((size_t)((nx+1)*sizeof(double*)));
   if (!(A->matrix)) {
      printf("Error: Map allocation failure.\n");
      exit(1);
   }
   A->matrix ++;
   A->matrix -= xmin;

   /* matrix allocated, now make it point to the vector */
   for(i=xmin;i<=xmax;i++)
      A->matrix[i] = A->vector + ny*(i-xmin) - ymin;

   /* make sure the vector is initialized to zero */
   for(i=A->nmin;i<=A->nmax;i++) A->vector[i] = 0.;
}

/* deallocate_double_map
 * *** DE-ALLOCATES A DOUBLE PRECISION MAP ***
 *
 * The map should have been allocated by allocate_double_map.
 *
 */

void deallocate_double_map(DOUBLE_MAP *A) {

   /* De-allocate the matrix */
   free((char*)(A->matrix + A->xmin - 1));

   /* De-allocate the vector */
   free_dvector(A->vector,A->nmin,A->nmax);

}

/* allocate_sphere_modes
 * *** ALLOCATES A SPHERICAL MAP ***
 *
 * the coefs have range coefs[L=0..lmax][-L..L]
 * (yes, this is a non-rectangular matrix)
 *
 * the vector has range [0..lmax^2]
 *
 * The vector and coefs indices are related by:
 * coefs[L][M] == vector[L(L+1) + M]
 */

void allocate_sphere_modes(SPHERE_MODES *A, long lmax) {

   long L;

   /* Set the dimension of the system */
   A->lmax = lmax;
   A->Nmode = (lmax+1)*(lmax+1);

   /* Allocate the memory for the data */
   A->vector = dvector(0,A->Nmode-1);

   /* Allocate and set the pointers */
   A->coefs = (double**)malloc((size_t)((lmax+1)*sizeof(double*)));
   for(L=0;L<=lmax;L++)
      A->coefs[L] = A->vector + L*(L+1);

}

/* deallocate_sphere_modes
 * *** DE-ALLOCATES A SPHERICAL MAP ***
 *
 * De-allocates a spherical harmonic map generated by
 * allocate_sphere_modes
 */

void deallocate_sphere_modes(SPHERE_MODES *A) {

   free_dvector(A->vector,0,A->Nmode-1);
   free((char*)(A->coefs));

}

/* allocate_sphere_pixel
 * *** ALLOCATES A SPHERICAL PIXELIZATION ***
 *
 * Arguments:
 * > A: spherical pixelization to be allocated.
 *   N: number of pixels
 *   area_flag: will we want to store pixel area values? (1=yes; 0=no)
 */

void allocate_sphere_pixel(SPHERE_PIXEL *A, long N, unsigned short int area_flag) {

   A->area_flag = area_flag;
   A->N = N;

   /* Allocate memory here */
   A->theta = dvector(0,N-1);
   A->phi = dvector(0,N-1);
   A->psi = dvector(0,N-1);
   if (area_flag) A->area = dvector(0,N-1);
}

/* deallocate_sphere_pixel
 * *** DE-ALLOCATES A SPHERICAL PIXELIZATION ***
 *
 * Arguments:
 * > A: spherical pixelization to be de-allocated.
 */

void deallocate_sphere_pixel(SPHERE_PIXEL *A) {

   long N = A->N;

   free_dvector(A->theta,0,N-1);
   free_dvector(A->phi,0,N-1);
   free_dvector(A->psi,0,N-1);
   if (A->area_flag) free_dvector(A->area,0,N-1);
}

/* allocate_icosahedral
 * *** ALLOCATES AN ICOSAHEDRAL STRUCTURE ***
 *
 * Arguments:
 * > A: icosahedral map to be allocated
 *   Nside: value of Nside to use (approx. Nside^2/2 pixels per face)
 */

void allocate_icosahedral(ICOSAHEDRAL *A, long Nside) {

   long f, x;
   long Npix_per_face = ( (Nside+1)*(Nside+2) ) >>1;
   double *aptr;

#ifdef N_CHECKVAL
   /* Complain if Nside is large enough to overflow the long integer
    * when we count pixels
    */
   if (Nside > 14000) {
      fprintf(stderr, "Error: Nside=%ld too large, this will result in memory error.\n", Nside);
      exit(1);
   }
#endif

   /* Set Nside, build array of double**'s for the faces */
   A->Nside = Nside;
   A->Npix = 20 * Npix_per_face;
   A->vector = aptr = dvector(0, A->Npix-1);
   A->data = (double ***) malloc((size_t)(21 * sizeof(double **)));

   /* Build each face */
   for(f=1;f<=20;f++) {
      A->data[f] = (double **) malloc((size_t)((Nside+1) * sizeof(double *)));
      for(x=0;x<=Nside;x++) {
         A->data[f][x] = aptr;
         aptr += Nside+1-x;
      }
   }
}

/* deallocate_icosahedral
 * *** DE-ALLOCATES AN ICOSAHEDRAL STRUCTURE ***
 *
 * Arguments:
 * > A: icosahedral map to be deallocated
 */

void deallocate_icosahedral(ICOSAHEDRAL *A) {

   long Nside;
   int f;

   Nside = A->Nside;

   /* Disassemble each face */
   for(f=1;f<=20;f++) {
      free((char *)(A->data[f]));
   }
   free((char *)(A->data));

   /* Disassemble data vector */
   free_dvector(A->vector, 0, 10*Nside*(Nside+1)-1);
}

/* fourier_trans_1
 * *** FOURIER TRANSFORMS A DATA SET WITH LENGTH A POWER OF 2 ***
 *
 * This is a Fourier transform routine.  It has the same calling
 * interface as Numerical Recipes four1 and uses the same algorithm
 * as that routine.  This function is slightly faster than NR four1
 * because we have minimized the use of expensive array look-ups.
 *
 * Replaces data[1..2*nn] by its discrete Fourier transform, if
 * isign is input as 1; or replaces data[1..2*nn] by nn times its
 * inverse discrete Fourier transform, if isign is input as -1.
 * data is a complex array of length nn.
 *
 */

void fourier_trans_1(double *data, long nn, int isign) {

   double *data_null;
   double *data_i, *data_i1;
   double *data_j, *data_j1;
   double temp, theta, sintheta, oneminuscostheta;
   double wr, wi, wtemp;
   double tempr1, tempr2, tempr, tempi;

   unsigned long ndata; /* = 2*nn */
   unsigned long lcurrent; /* length of current FFT; will range from 2..n */
   unsigned long i,j,k,m,istep;

   /* Convert to null-offset vector, find number of elements */
   data_null = data + 1;
   ndata = (unsigned long)nn << 1;

   /* Bit reversal */
   data_i = data_null;
   for(i=0;i<nn;i++) {

      /* Here we set data_j equal to data_null plus twice the bit-reverse of i */
      j=0;
      k=i;
      for(m=ndata>>2;m>=1;m>>=1) {
         if (k & 1) j+=m;
         k >>= 1;
      }

      /* If i<j, swap the i and j complex elements of data_null
       * Notice that these are the (2i,2i+1) and (2j,2j+1)
       * real elements.
       */
      if (i<j) {
         data_j = data_null + (j<<1);
         temp = *data_i; *data_i = *data_j; *data_j = temp;
         data_i++; data_j++;
         temp = *data_i; *data_i = *data_j; *data_j = temp;
      } else {
         data_i++;
      }

      /* Now increment data_i so it points to data_null[2i+2]; this is
       * important when we start the next iteration.
       */
      data_i++;
   }

   /* Now do successive FFTs */
   for(lcurrent=2;lcurrent<ndata;lcurrent<<=1) {

      /* Find the angle between successive points and its trig
       * functions, the sine and 1-cos. (Use 1-cos for stability.)
       */
      theta = TwoPi/lcurrent * isign;
      sintheta = sin(theta);
      oneminuscostheta = sin(0.5*theta);
      oneminuscostheta = 2.0*oneminuscostheta*oneminuscostheta;

      /* FFT the individual length-lcurrent segments */
      wr = 1.0;
      wi = 0.0;
      istep = lcurrent<<1;
      for(m=0;m<lcurrent;m+=2) {
         for(i=m;i<ndata;i+=istep) {
            /* Set the data pointers so we don't need to do
             * time-consuming array lookups.
             */
            data_j1=data_j = (data_i1=data_i = data_null + i) + lcurrent;
            data_i1++;
            data_j1++;

            /* Now apply Danielson-Lanczos formula */
            tempr = (tempr1=wr*(*data_j)) - (tempr2=wi*(*data_j1));
            tempi = (wr+wi)*((*data_j)+(*data_j1)) - tempr1 - tempr2;
            /*
             * at this point, tempr + i*tempi is equal to the product of
             * the jth complex array element and w.
             */
            *data_j = (*data_i) - tempr;
            *data_j1 = (*data_i1) - tempi;
            *data_i += tempr;
            *data_i1 += tempi;

         }

         /* Now increment trig recurrence */
         wr -= (wtemp=wr)*oneminuscostheta + wi*sintheta;
         wi += wtemp*sintheta - wi*oneminuscostheta;
      }
   }
}

/* fourier_trans_2
 * *** FOURIER TRANSFORMS A DATA SET OF ARBITRARY LENGTH ***
 *
 * This is a Fourier transform routine.  It has the same calling
 * interface as NR four1 and our fourier_trans_1, but it works for
 * non-power-of-two lengths.
 *
 * This code works by finding the largest factor of 2 dividing nn
 * and doing this portion via FFT.  The odd factors of nn are computed
 * via brute force.  Consequently this routine will run much faster
 * if the length of your data set is a power of 2 times a small odd
 * number.  If your data set has length exactly a power of 2, it is
 * recommended that you use fourier_trans_1 to reduce RAM usage.
 */

void fourier_trans_2(double *data, long nn, int isign) {

   double *data_ptr;
   double *data2;
   long i,j,p,b,nu;
   double oneminuscosphi, sinphi, temp;
   double cexpr, cexpi;
   double *costable, *sintable;
   unsigned long nn2, unsigned_comp_nn, mantissa, two_nn2;
   unsigned long i_in, i_out;
   long phase;

   data2 = dvector(1,2*nn);

   /* Separate nn into mantissa*nn2, where nn2 is a power of 2.
    * We want nn2 to be the largest power of 2 for which the
    * mantissa is an integer.
    */
   unsigned_comp_nn = ~ (unsigned long)nn;
   nn2=1;
   while (nn2 & unsigned_comp_nn) nn2 <<= 1;
   two_nn2 = nn2 << 1;
   mantissa = nn/nn2;

   /* Now re-arrange the data as follows: element mantissa*p+b of data
    * is moved to element nn2*b+p of data2.  Note that we're moving
    * complex numbers and the array indices are doubled accordingly.
    */
   i_in = 0;
   for(p=0;p<nn2;p++) {
      for(b=0;b<mantissa;b++) {
         /* We already have i_in == (mantissa*p+b) << 1 */
         i_out = (nn2*b+p) << 1;
         data2[++i_out] = data[++i_in];
         data2[++i_out] = data[++i_in];
      } /* end b loop */
   } /* end p loop */

   /* Do the FFT of each component of data2 */
   for(b=0;b<mantissa;b++) fourier_trans_1(data2+b*two_nn2,nn2,isign);

   /* Build the trig function tables for the order-mantissa Fourier
    * transform.  costable[i] = cos ( TwoPi/nn * i ).  Similar for
    * sintable.
    */
   oneminuscosphi = sin(Pi/nn * isign);
   oneminuscosphi *= 2*oneminuscosphi;
   sinphi = sin(TwoPi/nn * isign);
   costable = dvector(0,nn-1);
   sintable = dvector(0,nn-1);
   cexpr = 1.;
   cexpi = 0.;
   for(i=0;i<nn;i++) {
      costable[i] = cexpr;
      sintable[i] = cexpi;
      cexpr -= oneminuscosphi * (temp=cexpr) + sinphi * cexpi;
      cexpi += sinphi * temp - oneminuscosphi * cexpi;
   }

   /* It remains to do the order-mantissa Fourier transform to
    * complete the operation.  We do this by clearing the input
    * array and doing the order-mantissa Fourier transform from
    * data2 to data.
    */
   data_ptr = data;
   for(i=0;i<nn;i++) {
      data_ptr[1] = data_ptr[2] = 0.;
      nu = 2*(i % nn2);
      phase = 0; /* phase will be (i*j)%nn */
      for(j=0;j<mantissa;j++) {
         data_ptr[1] += costable[phase] * data2[nu+1] - sintable[phase] * data2[nu+2];
         data_ptr[2] += sintable[phase] * data2[nu+1] + costable[phase] * data2[nu+2];
         if ((phase += i) >= nn) phase -= nn;
         nu += two_nn2;
      } /* end j loop */

      data_ptr += 2;
   } /* end i loop */

   /* Clean up memory */
   free_dvector(data2,1,2*nn);
   free_dvector(costable,0,nn-1);
   free_dvector(sintable,0,nn-1);
}

/* interp_coefs_1
 * *** FINDS THE COEFFICIENTS FOR A POLYNOMIAL INTERPOLATION ***
 *
 * This routine computes the coefficients c_i for determining
 * y(x) given y evaluated at -M, -M+1, ... N
 * using an interpolating polynomial of order M+N.  We require x to
 * be in the range [0,1].  The formula for y(x) is:
 *
 * y(x) = sum_i c[i] y(i), i=-M .. N.
 */

void interp_coefs_1(double x, int M, int N, double *c) {

   int i,j;
   double product;

#define MAX_FACTORIAL 21
#ifdef THREAD_SAFE_SHT
   double factorial_products[MAX_FACTORIAL][MAX_FACTORIAL] = {
     {   1.000000000000000E+00,   1.000000000000000E+00,   2.000000000000000E+00,   6.000000000000000E+00,   2.400000000000000E+01,   1.200000000000000E+02, 
         7.200000000000000E+02,   5.040000000000000E+03,   4.032000000000000E+04,   3.628800000000000E+05,   3.628800000000000E+06,   3.991680000000000E+07, 
         4.790016000000000E+08,   6.227020800000000E+09,   8.717829120000000E+10,   1.307674368000000E+12,   2.092278988800000E+13,   3.556874280960000E+14, 
         6.402373705728000E+15,   1.216451004088320E+17,   2.432902008176640E+18},
     {   1.000000000000000E+00,   1.000000000000000E+00,   2.000000000000000E+00,   6.000000000000000E+00,   2.400000000000000E+01,   1.200000000000000E+02, 
         7.200000000000000E+02,   5.040000000000000E+03,   4.032000000000000E+04,   3.628800000000000E+05,   3.628800000000000E+06,   3.991680000000000E+07, 
         4.790016000000000E+08,   6.227020800000000E+09,   8.717829120000000E+10,   1.307674368000000E+12,   2.092278988800000E+13,   3.556874280960000E+14, 
         6.402373705728000E+15,   1.216451004088320E+17,   2.432902008176640E+18},
     {   2.000000000000000E+00,   2.000000000000000E+00,   4.000000000000000E+00,   1.200000000000000E+01,   4.800000000000000E+01,   2.400000000000000E+02, 
         1.440000000000000E+03,   1.008000000000000E+04,   8.064000000000000E+04,   7.257600000000000E+05,   7.257600000000000E+06,   7.983360000000000E+07, 
         9.580032000000000E+08,   1.245404160000000E+10,   1.743565824000000E+11,   2.615348736000000E+12,   4.184557977600000E+13,   7.113748561920000E+14, 
         1.280474741145600E+16,   2.432902008176640E+17,   4.865804016353280E+18},
     {   6.000000000000000E+00,   6.000000000000000E+00,   1.200000000000000E+01,   3.600000000000000E+01,   1.440000000000000E+02,   7.200000000000000E+02, 
         4.320000000000000E+03,   3.024000000000000E+04,   2.419200000000000E+05,   2.177280000000000E+06,   2.177280000000000E+07,   2.395008000000000E+08, 
         2.874009600000000E+09,   3.736212480000000E+10,   5.230697472000000E+11,   7.846046208000000E+12,   1.255367393280000E+14,   2.134124568576000E+15, 
         3.841424223436800E+16,   7.298706024529920E+17,   1.459741204905984E+19},
     {   2.400000000000000E+01,   2.400000000000000E+01,   4.800000000000000E+01,   1.440000000000000E+02,   5.760000000000000E+02,   2.880000000000000E+03, 
         1.728000000000000E+04,   1.209600000000000E+05,   9.676800000000000E+05,   8.709120000000000E+06,   8.709120000000000E+07,   9.580032000000000E+08, 
         1.149603840000000E+10,   1.494484992000000E+11,   2.092278988800000E+12,   3.138418483200000E+13,   5.021469573120000E+14,   8.536498274304000E+15, 
         1.536569689374720E+17,   2.919482409811968E+18,   5.838964819623936E+19},
     {   1.200000000000000E+02,   1.200000000000000E+02,   2.400000000000000E+02,   7.200000000000000E+02,   2.880000000000000E+03,   1.440000000000000E+04, 
         8.640000000000000E+04,   6.048000000000000E+05,   4.838400000000000E+06,   4.354560000000000E+07,   4.354560000000000E+08,   4.790016000000000E+09, 
         5.748019200000000E+10,   7.472424960000000E+11,   1.046139494400000E+13,   1.569209241600000E+14,   2.510734786560000E+15,   4.268249137152000E+16, 
         7.682848446873600E+17,   1.459741204905984E+19,   2.919482409811968E+20},
     {   7.200000000000000E+02,   7.200000000000000E+02,   1.440000000000000E+03,   4.320000000000000E+03,   1.728000000000000E+04,   8.640000000000000E+04, 
         5.184000000000000E+05,   3.628800000000000E+06,   2.903040000000000E+07,   2.612736000000000E+08,   2.612736000000000E+09,   2.874009600000000E+10, 
         3.448811520000000E+11,   4.483454976000000E+12,   6.276836966400000E+13,   9.415255449600000E+14,   1.506440871936000E+16,   2.560949482291200E+17, 
         4.609709068124160E+18,   8.758447229435904E+19,   1.751689445887181E+21},
     {   5.040000000000000E+03,   5.040000000000000E+03,   1.008000000000000E+04,   3.024000000000000E+04,   1.209600000000000E+05,   6.048000000000000E+05, 
         3.628800000000000E+06,   2.540160000000000E+07,   2.032128000000000E+08,   1.828915200000000E+09,   1.828915200000000E+10,   2.011806720000000E+11, 
         2.414168064000000E+12,   3.138418483200000E+13,   4.393785876480000E+14,   6.590678814720000E+15,   1.054508610355200E+17,   1.792664637603840E+18, 
         3.226796347686912E+19,   6.130913060605133E+20,   1.226182612121027E+22},
     {   4.032000000000000E+04,   4.032000000000000E+04,   8.064000000000000E+04,   2.419200000000000E+05,   9.676800000000000E+05,   4.838400000000000E+06, 
         2.903040000000000E+07,   2.032128000000000E+08,   1.625702400000000E+09,   1.463132160000000E+10,   1.463132160000000E+11,   1.609445376000000E+12, 
         1.931334451200000E+13,   2.510734786560000E+14,   3.515028701184000E+15,   5.272543051776000E+16,   8.436068882841600E+17,   1.434131710083072E+19, 
         2.581437078149530E+20,   4.904730448484106E+21,   9.809460896968212E+22},
     {   3.628800000000000E+05,   3.628800000000000E+05,   7.257600000000000E+05,   2.177280000000000E+06,   8.709120000000000E+06,   4.354560000000000E+07, 
         2.612736000000000E+08,   1.828915200000000E+09,   1.463132160000000E+10,   1.316818944000000E+11,   1.316818944000000E+12,   1.448500838400000E+13, 
         1.738201006080000E+14,   2.259661307904000E+15,   3.163525831065600E+16,   4.745288746598400E+17,   7.592461994557440E+18,   1.290718539074765E+20, 
         2.323293370334577E+21,   4.414257403635696E+22,   8.828514807271392E+23},
     {   3.628800000000000E+06,   3.628800000000000E+06,   7.257600000000000E+06,   2.177280000000000E+07,   8.709120000000000E+07,   4.354560000000000E+08, 
         2.612736000000000E+09,   1.828915200000000E+10,   1.463132160000000E+11,   1.316818944000000E+12,   1.316818944000000E+13,   1.448500838400000E+14, 
         1.738201006080000E+15,   2.259661307904000E+16,   3.163525831065600E+17,   4.745288746598400E+18,   7.592461994557440E+19,   1.290718539074765E+21, 
         2.323293370334577E+22,   4.414257403635696E+23,   8.828514807271392E+24},
     {   3.991680000000000E+07,   3.991680000000000E+07,   7.983360000000000E+07,   2.395008000000000E+08,   9.580032000000000E+08,   4.790016000000000E+09, 
         2.874009600000000E+10,   2.011806720000000E+11,   1.609445376000000E+12,   1.448500838400000E+13,   1.448500838400000E+14,   1.593350922240000E+15, 
         1.912021106688000E+16,   2.485627438694400E+17,   3.479878414172160E+18,   5.219817621258240E+19,   8.351708194013184E+20,   1.419790392982241E+22, 
         2.555622707368034E+23,   4.855683143999265E+24,   9.711366287998530E+25},
     {   4.790016000000000E+08,   4.790016000000000E+08,   9.580032000000000E+08,   2.874009600000000E+09,   1.149603840000000E+10,   5.748019200000000E+10, 
         3.448811520000000E+11,   2.414168064000000E+12,   1.931334451200000E+13,   1.738201006080000E+14,   1.738201006080000E+15,   1.912021106688000E+16, 
         2.294425328025600E+17,   2.982752926433280E+18,   4.175854097006592E+19,   6.263781145509888E+20,   1.002204983281582E+22,   1.703748471578690E+23, 
         3.066747248841641E+24,   5.826819772799119E+25,   1.165363954559824E+27},
     {   6.227020800000000E+09,   6.227020800000000E+09,   1.245404160000000E+10,   3.736212480000000E+10,   1.494484992000000E+11,   7.472424960000000E+11, 
         4.483454976000000E+12,   3.138418483200000E+13,   2.510734786560000E+14,   2.259661307904000E+15,   2.259661307904000E+16,   2.485627438694400E+17, 
         2.982752926433280E+18,   3.877578804363264E+19,   5.428610326108570E+20,   8.142915489162854E+21,   1.302866478266057E+23,   2.214873013052296E+24, 
         3.986771423494134E+25,   7.574865704638854E+26,   1.514973140927771E+28},
     {   8.717829120000000E+10,   8.717829120000000E+10,   1.743565824000000E+11,   5.230697472000000E+11,   2.092278988800000E+12,   1.046139494400000E+13, 
         6.276836966400000E+13,   4.393785876480000E+14,   3.515028701184000E+15,   3.163525831065600E+16,   3.163525831065600E+17,   3.479878414172160E+18, 
         4.175854097006592E+19,   5.428610326108570E+20,   7.600054456551997E+21,   1.140008168482800E+23,   1.824013069572479E+24,   3.100822218273215E+25, 
         5.581479992891787E+26,   1.060481198649440E+28,   2.120962397298879E+29},
     {   1.307674368000000E+12,   1.307674368000000E+12,   2.615348736000000E+12,   7.846046208000000E+12,   3.138418483200000E+13,   1.569209241600000E+14, 
         9.415255449600000E+14,   6.590678814720000E+15,   5.272543051776000E+16,   4.745288746598400E+17,   4.745288746598400E+18,   5.219817621258240E+19, 
         6.263781145509888E+20,   8.142915489162854E+21,   1.140008168482800E+23,   1.710012252724199E+24,   2.736019604358719E+25,   4.651233327409823E+26, 
         8.372219989337680E+27,   1.590721797974159E+29,   3.181443595948318E+30},
     {   2.092278988800000E+13,   2.092278988800000E+13,   4.184557977600000E+13,   1.255367393280000E+14,   5.021469573120000E+14,   2.510734786560000E+15, 
         1.506440871936000E+16,   1.054508610355200E+17,   8.436068882841600E+17,   7.592461994557440E+18,   7.592461994557440E+19,   8.351708194013184E+20, 
         1.002204983281582E+22,   1.302866478266057E+23,   1.824013069572479E+24,   2.736019604358719E+25,   4.377631366973951E+26,   7.441973323855716E+27, 
         1.339555198294029E+29,   2.545154876758655E+30,   5.090309753517309E+31},
     {   3.556874280960000E+14,   3.556874280960000E+14,   7.113748561920000E+14,   2.134124568576000E+15,   8.536498274304000E+15,   4.268249137152000E+16, 
         2.560949482291200E+17,   1.792664637603840E+18,   1.434131710083072E+19,   1.290718539074765E+20,   1.290718539074765E+21,   1.419790392982241E+22, 
         1.703748471578690E+23,   2.214873013052296E+24,   3.100822218273215E+25,   4.651233327409822E+26,   7.441973323855715E+27,   1.265135465055472E+29, 
         2.277243837099849E+30,   4.326763290489712E+31,   8.653526580979425E+32},
     {   6.402373705728000E+15,   6.402373705728000E+15,   1.280474741145600E+16,   3.841424223436800E+16,   1.536569689374720E+17,   7.682848446873600E+17, 
         4.609709068124160E+18,   3.226796347686912E+19,   2.581437078149530E+20,   2.323293370334577E+21,   2.323293370334577E+22,   2.555622707368034E+23, 
         3.066747248841641E+24,   3.986771423494134E+25,   5.581479992891787E+26,   8.372219989337680E+27,   1.339555198294029E+29,   2.277243837099849E+30, 
         4.099038906779728E+31,   7.788173922881483E+32,   1.557634784576297E+34},
     {   1.216451004088320E+17,   1.216451004088320E+17,   2.432902008176640E+17,   7.298706024529920E+17,   2.919482409811968E+18,   1.459741204905984E+19, 
         8.758447229435904E+19,   6.130913060605133E+20,   4.904730448484106E+21,   4.414257403635696E+22,   4.414257403635696E+23,   4.855683143999265E+24, 
         5.826819772799119E+25,   7.574865704638854E+26,   1.060481198649439E+28,   1.590721797974159E+29,   2.545154876758655E+30,   4.326763290489713E+31, 
         7.788173922881483E+32,   1.479753045347482E+34,   2.959506090694964E+35},
     {   2.432902008176640E+18,   2.432902008176640E+18,   4.865804016353280E+18,   1.459741204905984E+19,   5.838964819623936E+19,   2.919482409811968E+20, 
         1.751689445887181E+21,   1.226182612121027E+22,   9.809460896968212E+22,   8.828514807271392E+23,   8.828514807271392E+24,   9.711366287998532E+25, 
         1.165363954559824E+27,   1.514973140927771E+28,   2.120962397298879E+29,   3.181443595948319E+30,   5.090309753517310E+31,   8.653526580979427E+32, 
         1.557634784576297E+34,   2.959506090694964E+35,   5.919012181389928E+36}
   };

#else
   static unsigned short int is_initialized = 0;
   static double **factorial_products;

   /* factorial_array[n] = n! */
   static double factorial_array[]={1.,1.,2.,6.,24.,120.,720.,5040.,40320.,362880.,
      3628800.,39916800.,479001600.,6227020800.,87178291200.,1307674368000.,20922789888000.,
      355687428096000.,6402373705728000.,121645100408832000.,
      2.43290200817664e+18,5.109094217170944e+19};

   /* If this routine hasn't been called yet, allocate the factorial products,
    * factorial_products[i][j] = i!j!.  Note that we never de-allocate this
    * memory, it is freed only when the program exits.  This is no big loss
